           1   2.5660868    
           2   2.5662472    
           3   2.5667288    
           4   2.5675306    
           5   2.5686543    
           6   2.5701010    
           7   2.5718708    
           8   2.5739653    
           9   2.5763862    
          10   2.5791347    
          11   2.5822139    
          12   2.5856247    
          13   2.5893703    
          14   2.5934534    
          15   2.5978768    
          16   2.6026437    
          17   2.6077580    
          18   2.6132231    
          19   2.6190431    
          20   2.6252232    
          21   2.6317670    
          22   2.6386802    
          23   2.6459680    
          24   2.6536360    
          25   2.6616900    
          26   2.6701374    
          27   2.6789849    
          28   2.6882386    
          29   2.6979072    
          30   2.7079988    
          31   2.7185216    
          32   2.7294848    
          33   2.7408981    
          34   2.7527719    
          35   2.7651162    
          36   2.7779431    
          37   2.7912645    
          38   2.8050923    
          39   2.8194413    
          40   2.8343246    
          41   2.8497570    
          42   2.8657548    
          43   2.8823349    
          44   2.8995149    
          45   2.9173141    
          46   2.9357514    
          47   2.9548490    
          48   2.9746289    
          49   2.9951153    
          50   3.0163331    
          51   3.0383098    
          52   3.0610740    
          53   3.0846570    
          54   3.1090910    
          55   3.1344111    
          56   3.1606555    
          57   3.1878638    
          58   3.2160795    
          59   3.2453499    
          60   3.2757235    
          61   3.3072548    
          62   3.3400028    
          63   3.3740301    
          64   3.4094045    
          65   3.4462018    
          66   3.4845023    
          67   3.5243943    
          68   3.5659752    
          69   3.6093504    
          70   3.6546385    
          71   3.7019672    
          72   3.7514815    
          73   3.8033395    
          74   3.8577199    
          75   3.9148221    
          76   3.9748697    
          77   4.0381188    
          78   4.1048574    
          79   4.1754160    
          80   4.2501764    
          81   4.3295808    
          82   4.4141431    
          83   4.5044708    
          84   4.6012888    
          85   4.7054625    
          86   4.8180485    
          87   4.9403458    
          88   5.0739803    
          89   5.2210250    
          90   5.3841782    
          91   5.5670409    
          92   5.7745695    
          93   6.0138645    
          94   6.2955885    
          95   6.6368170    
          96   7.0672488    
          97   7.6448016    
          98   8.5032845    
          99   10.047972    
         100   14.347792    
