           1   12.191446    
           2   11.989592    
           3   11.895827    
           4   11.844805    
           5   11.814009    
           6   11.794009    
           7   11.780293    
           8   11.770479    
           9   11.763215    
          10   11.757689    
          11   11.753389    
          12   11.749979    
          13   11.747224    
          14   11.744969    
          15   11.743102    
          16   11.741539    
          17   11.740211    
          18   11.739082    
          19   11.738108    
          20   11.737267    
          21   11.736525    
          22   11.735882    
          23   11.735312    
          24   11.734810    
          25   11.734355    
