350	174.35
351	173.33
352	170.84
353	173.86
354	172.5
355	173.03
356	173.05
357	171.31
358	176.09
359	173.57
360	170.13
361	177.77
362	169.8
363	171.61
364	178.1
365	172.67
366	172.95
367	175.96
368	176.87
369	170.31
370	177.18
371	176.09
372	177.71
373	176.99
374	178.16
375	176.31
376	176.12
377	176.71
378	173.13
379	178.35
380	176.69
381	170.56
382	173.18
383	173.62
384	178.03
385	176.81
386	173.98
387	176
388	170.48
389	173.81
390	175.06
391	176.54
392	179.61
393	179
394	175.11
395	173.25
396	176
397	175.54
398	174.97
399	175.01
400	177.01
401	179.21
402	176.01
403	175.36
404	176.85
405	177.09
406	175.38
407	177.14
408	172.92
409	177.15
410	174.73
411	174.98
412	175.86
413	171.7
414	175.85
415	179.17
416	180
417	177.49
418	176.89
419	178.78
420	178.99
421	178
422	177.16
423	180.38
424	177.03
425	176.47
426	179.19
427	178.01
428	180.68
429	175.38
430	179.87
431	177.86
432	179.66
433	174.19
434	178.9
435	178.7
436	176.53
437	178.76
438	178.51
439	180.27
440	176.97
441	176.51
442	176.7
443	173.34
444	174.27
445	177.1
446	176.09
447	175.02
448	179.41
449	174.78
450	177
451	183.31
452	175.85
453	174.23
454	177.03
455	179.38
456	179.19
457	179.02
458	178.34
459	178.95
460	176.17
461	181.09
462	177.7
463	177.83
464	173.88
465	178.74
466	176.29
467	176.26
468	177.04
469	174.5
470	175.73
471	175.51
472	178.26
473	176.26
474	178.71
475	176.95
476	179.44
477	178.05
478	176.87
479	176.09
480	177.76
481	175.81
482	175.09
483	176.02
484	176.92
485	175.64
486	173.42
487	180.83
488	174.63
489	176.32
490	179.2
491	177.03
492	179.86
493	175.32
494	175.82
495	174.82
496	175.39
497	176.08
498	180.27
499	178.99
500	171.26
501	177.32
502	174.78
503	179.05
504	177.27
505	177.58
506	178.53
507	179.09
508	179.89
509	179.9
510	176.89
511	176
512	174.37
513	175.88
514	174.92
515	177.05
516	173.93
517	179.58
518	177.25
519	176.49
520	177.72
521	167.39
522	174.6
523	176.27
524	174.98
525	179.29
526	174.6
527	175.8
528	175.19
529	173.83
530	177
531	175.92
532	182.92
533	174.91
534	175.88
535	175.38
536	177.11
537	176.43
538	178.04
539	176.89
540	176.29
541	174.92
542	178.63
543	180.06
544	176.42
545	174.71
546	178.13
547	178.07
548	176
549	182.36
550	181.69
551	178.17
552	178.25
553	176.76
554	177.96
555	176.42
556	178.2
557	178.12
558	179.04
559	179.93
560	177.72
561	177.52
562	175.42
563	180.09
564	174.16
565	177.03
566	173.08
567	175.13
568	180.72
569	190.97
570	183.19
571	177.45
572	175.44
573	177.99
574	178.07
575	173.59
576	174.76
577	180.09
578	182.05
579	180.21
580	178.99
581	181.77
582	180.77
583	181.67
584	185.1
585	195.91
586	197.94
587	197.72
588	139.31
589	4179.22
590	4165.39
591	1755.44
592	440.34
593	213
594	189.43
595	180.35
596	180.47
597	180.51
598	178.18
599	177
600	177.02
601	176.39
602	178.39
603	176.77
604	177.91
605	180.97
606	182.96
607	174.48
608	174.88
609	177.12
610	179.09
611	177.9
612	176.44
613	175.01
614	179.06
615	174.53
616	181.08
617	177.36
618	176.77
619	176.24
620	176.96
621	175.97
622	182.29
623	175.68
624	178.4
625	177.44
626	177.91
627	175.75
628	177.79
629	175.02
630	177.18
631	175.08
632	178.03
633	176.99
634	173.58
635	178.23
636	174.52
637	177.98
638	176.81
639	172.15
640	172.04
641	174.9
642	179.79
643	176.72
644	174.05
645	174.33
646	173.85
647	171.49
648	177.1
649	174.09
650	177.18
651	178.19
652	174.68
653	174.85
654	176.47
655	172.01
656	172.48
657	176.8
658	173.11
659	173.25
660	172.98
661	179.07
662	176.18
663	176.38
664	176.58
665	176.11
666	174.65
667	177.39
668	177.64
669	175.74
670	175.94
671	173.86
672	170.66
673	173.49
674	175.08
675	175.03
676	178.39
677	176.7
678	172.89
679	176.13
680	176.2
681	174.73
682	172.84
683	175.62
684	176.61
685	171.79
686	174.77
687	179.02
688	177.67
689	173.42
690	171.27
691	175.53
692	177.08
693	179.18
694	176.97
695	177.02
696	238.34
697	318.56
698	225.87
699	181.81
700	177.02
701	174.08
702	177.61
703	176.46
704	176.53
705	175.63
706	197.12
707	337.05
708	226.43
709	193.68
710	180.75
711	176.09
712	176.72
713	176.74
714	181.58
715	197.23
716	181.87
717	176.58
718	177.18
719	177.55
720	173.98
721	180.47
722	179.07
723	178.11
724	173.64
725	178.78
726	177.92
727	233
728	232.44
729	198.2
730	178.99
731	176.88
732	178.04
733	176.93
734	177.11
735	181.72
736	182.96
737	188.91
738	540.36
739	647.26
740	358.62
741	217.37
742	183.51
743	181.87
744	180.83
745	185.14
746	184
747	177.96
748	185.07
749	186.7
750	516.66
751	883.18
752	846.55
753	397.66
754	220.53
755	187.45
756	181.79
757	187.61
758	181.48
759	178.49
760	184.02
761	196.34
762	196.72
763	1589.35
764	2805.33
765	1167.55
766	560.02
767	502.76
768	301.3
769	213.24
770	388.07
771	276.88
772	768.25
773	918.8
774	463.15
775	227.53
776	185.2
777	178.96
778	183.51
779	175.73
780	180.97
781	180.73
782	179.41
783	176.67
784	174.29
785	181.53
786	177.74
787	177.51
788	184.76
789	183.28
790	182.87
791	186.02
792	181.59
793	184.71
794	256.89
795	1080.51
796	546.07
797	282.33
798	197.97
799	187.67
800	321.14
801	1124.98
802	1091.76
803	505.59
804	246.24
805	204.02
806	200.85
807	197.69
808	203.92
809	213.4
810	1026.34
811	2944.49
812	3764.23
813	1606.11
814	473.14
815	230.93
816	195.92
817	187.64
818	263.49
819	344.37
820	364.15
821	251.76
822	190.33
823	186.98
824	185.47
825	182.45
826	504.95
827	589.81
828	345.74
829	209.36
830	184.58
831	179.51
832	183.26
833	178.56
834	183.73
835	181.01
836	183.29
837	190.7
838	189.03
839	191.77
840	302.02
841	1209.33
842	1505.7
843	1340.47
844	607.56
845	266.15
846	193.04
847	182.26
848	180.44
849	180.07
850	181.21
851	183.12
852	537.29
853	369.75
854	243.27
855	186.46
856	180
857	177.49
858	177.59
859	178.95
860	178.43
861	174.83
862	177.68
863	176.01
864	181.65
865	177.01
866	186.72
867	252.95
868	197.03
869	183.62
870	176.89
871	176.56
872	179.53
873	176.72
874	175.96
875	175.19
876	176.78
877	176.75
878	175.98
879	174.83
880	177.53
881	178.36
882	171.9
883	174.78
884	176.19
885	176.64
886	171.06
887	180.85
888	177.78
889	177.51
890	174.85
891	176.31
892	178.87
893	179.01
894	177.46
895	177.71
896	174.3
897	175.2
898	177.57
899	176.55
900	176.98
901	178.48
902	178.35
903	181.76
904	180.16
905	178.51
906	175.42
907	180.39
908	190.12
909	182.89
910	186.02
911	181.73
912	1487.79
913	565.8
914	383.65
915	281.04
916	197.81
917	179.2
918	179.11
919	184.64
920	181.9
921	184.9
922	365.37
923	243.39
924	215.25
925	199.51
926	181.69
927	178.45
928	177.82
929	176.19
930	177.56
931	177.92
932	176.96
933	176.94
934	175.38
935	188.82
936	184.01
937	179.44
938	179.37
939	178
940	174.03
941	174.86
942	174.76
943	174.07
944	173.96
945	176.6
946	176.15
947	173.99
948	177.14
949	178.74
950	175.09
951	177.54
952	173.12
953	181.88
954	178.28
955	173.1
956	177.51
957	176.04
958	173.97
959	177.72
960	170.28
961	174.04
962	175.61
963	179.92
964	176.02
965	225.98
966	250.27
967	211.18
968	201.37
969	189.46
970	177.6
971	173.99
972	173.89
973	172.78
974	177.19
975	171.51
976	176.25
977	175.86
978	181.74
979	183.01
980	179.93
981	179.16
982	174.2
983	171.87
984	175.03
985	173.16
986	173.99
987	176.15
988	177
989	174.76
990	180.99
991	176.76
992	176.49
993	174.12
994	175.01
995	174.3
996	169.01
997	177.52
998	174.99
999	174.71
1000	176.96
