   30.000000      0.80100000    
   30.100000      0.79931563    
   30.200001      0.79763693    
   30.300001      0.79596394    
   30.400002      0.79429644    
   30.500002      0.79263449    
   30.600002      0.79097807    
   30.700003      0.78932714    
   30.800003      0.78768182    
   30.900003      0.78604168    
   31.000004      0.78440702    
   31.100004      0.78277785    
   31.200005      0.78115410    
   31.300005      0.77953553    
   31.400005      0.77792227    
   31.500006      0.77631432    
   31.600006      0.77471167    
   31.700006      0.77311414    
   31.800007      0.77152175    
   31.900007      0.76993489    
   32.000008      0.76835287    
   32.100006      0.76677597    
   32.200005      0.76520431    
   32.300003      0.76363766    
   32.400002      0.76207596    
   32.500000      0.76051950    
   32.599998      0.75896794    
   32.699997      0.75742137    
   32.799995      0.75587976    
   32.899994      0.75434315    
   32.999992      0.75281131    
   33.099991      0.75128448    
   33.199989      0.74976224    
   33.299988      0.74824500    
   33.399986      0.74673271    
   33.499985      0.74522513    
   33.599983      0.74372232    
   33.699982      0.74222416    
   33.799980      0.74073076    
   33.899979      0.73924202    
   33.999977      0.73775804    
   34.099976      0.73627859    
   34.199974      0.73480409    
   34.299973      0.73333389    
   34.399971      0.73186833    
   34.499969      0.73040742    
   34.599968      0.72895098    
   34.699966      0.72749907    
   34.799965      0.72605181    
   34.899963      0.72460890    
   34.999962      0.72317052    
   35.099960      0.72173655    
   35.199959      0.72030693    
   35.299957      0.71888173    
   35.399956      0.71746105    
   35.499954      0.71604478    
   35.599953      0.71463263    
   35.699951      0.71322495    
   35.799950      0.71182150    
   35.899948      0.71042252    
   35.999947      0.70902771    
   36.099945      0.70763713    
   36.199944      0.70625067    
   36.299942      0.70486861    
   36.399940      0.70349061    
   36.499939      0.70211691    
   36.599937      0.70074743    
   36.699936      0.69938195    
   36.799934      0.69802058    
   36.899933      0.69666344    
   36.999931      0.69531029    
   37.099930      0.69396114    
   37.199928      0.69261622    
   37.299927      0.69127518    
   37.399925      0.68993825    
   37.499924      0.68860537    
   37.599922      0.68727642    
   37.699921      0.68595153    
   37.799919      0.68463051    
   37.899918      0.68331331    
   37.999916      0.68200016    
   38.099915      0.68069088    
   38.199913      0.67938566    
   38.299911      0.67808396    
   38.399910      0.67678648    
   38.499908      0.67549276    
   38.599907      0.67420268    
   38.699905      0.67291647    
   38.799904      0.67163414    
   38.899902      0.67035562    
   38.999901      0.66908079    
   39.099899      0.66780967    
   39.199898      0.66654247    
   39.299896      0.66527879    
   39.399895      0.66401893    
   39.499893      0.66276264    
   39.599892      0.66151017    
   39.699890      0.66026133    
   39.799889      0.65901613    
   39.899887      0.65777445    
   39.999886      0.65653652    
   40.099884      0.65530217    
   40.199883      0.65407157    
   40.299881      0.65284425    
   40.399879      0.65162063    
   40.499878      0.65040058    
   40.599876      0.64918399    
   40.699875      0.64797109    
   40.799873      0.64676148    
   40.899872      0.64555562    
   40.999870      0.64435315    
   41.099869      0.64315408    
   41.199867      0.64195842    
   41.299866      0.64076638    
   41.399864      0.63957769    
   41.499863      0.63839245    
   41.599861      0.63721049    
   41.699860      0.63603216    
   41.799858      0.63485706    
   41.899857      0.63368529    
   41.999855      0.63251704    
   42.099854      0.63135201    
   42.199852      0.63019043    
   42.299850      0.62903196    
   42.399849      0.62787694    
   42.499847      0.62672532    
   42.599846      0.62557697    
   42.699844      0.62443185    
   42.799843      0.62328988    
   42.899841      0.62215126    
   42.999840      0.62101591    
   43.099838      0.61988372    
   43.199837      0.61875486    
   43.299835      0.61762905    
   43.399834      0.61650664    
   43.499832      0.61538726    
   43.599831      0.61427122    
   43.699829      0.61315805    
   43.799828      0.61204833    
   43.899826      0.61094165    
   43.999825      0.60983813    
   44.099823      0.60873759    
   44.199821      0.60764045    
   44.299820      0.60654622    
   44.399818      0.60545504    
   44.499817      0.60436720    
   44.599815      0.60328215    
   44.699814      0.60220027    
   44.799812      0.60112149    
   44.899811      0.60004568    
   44.999809      0.59897298    
   45.099808      0.59790325    
   45.199806      0.59683645    
   45.299805      0.59577274    
   45.399803      0.59471208    
   45.499802      0.59365439    
   45.599800      0.59259963    
   45.699799      0.59154791    
   45.799797      0.59049904    
   45.899796      0.58945316    
   45.999794      0.58841032    
   46.099792      0.58737034    
   46.199791      0.58633322    
   46.299789      0.58529902    
   46.399788      0.58426768    
   46.499786      0.58323932    
   46.599785      0.58221382    
   46.699783      0.58119112    
   46.799782      0.58017153    
   46.899780      0.57915461    
   46.999779      0.57814056    
   47.099777      0.57712930    
   47.199776      0.57612097    
   47.299774      0.57511544    
   47.399773      0.57411265    
   47.499771      0.57311267    
   47.599770      0.57211560    
   47.699768      0.57112122    
   47.799767      0.57012963    
   47.899765      0.56914091    
   47.999763      0.56815481    
   48.099762      0.56717163    
   48.199760      0.56619102    
   48.299759      0.56521326    
   48.399757      0.56423825    
   48.499756      0.56326592    
   48.599754      0.56229633    
   48.699753      0.56132942    
   48.799751      0.56036520    
   48.899750      0.55940366    
   48.999748      0.55844486    
   49.099747      0.55748862    
   49.199745      0.55653524    
   49.299744      0.55558443    
   49.399742      0.55463624    
   49.499741      0.55369067    
   49.599739      0.55274779    
   49.699738      0.55180758    
   49.799736      0.55086994    
   49.899734      0.54993486    
