           0             NaN   14.000000       0.0000000    
           1  -308.05881      -512.71198       8.9909239    
           2   55.893787      -287.51715       13.497038    
           3   238.30128       347.70349       8.3080931    
           4   28.252796       217.73653       5.7074728    
           5  -77.020309      -148.86931       8.7021761    
           6   44.205276      -73.861275       10.203075    
           7   104.96168       137.71844       8.4747381    
           8   34.998589       94.428947       7.6085219    
           9 -6.58427924E-02  -27.680361       8.6059999    
          10   40.312065      -2.6966145       9.1059208    
          11   60.548862       67.776527       8.5302448    
          12   37.245499       53.357632       8.2417240    
          13   25.566177       12.685315       8.5739651    
          14   39.015293       21.006907       8.7404795    
          15   45.755798       44.480190       8.5487328    
          16   37.993889       39.677544       8.4526320    
          17   34.103729       26.130363       8.5632954    
          18   38.583385       28.902142       8.6187582    
          19   40.828522       36.720661       8.5548906    
          20   38.243160       35.120968       8.5228815    
          21   36.947433       30.608658       8.5597410    
          22   38.439507       31.531874       8.5782146    
          23   39.187317       34.136059       8.5569420    
          24   38.326199       33.603256       8.5462799    
          25   37.894600       32.100281       8.5585575    
          26   38.391598       32.407795       8.5647106    
          27   38.640675       33.275208       8.5576248    
          28   38.353840       33.097721       8.5540743    
          29   38.210117       32.597145       8.5581636    
          30   38.375652       32.699600       8.5602121    
          31   38.458576       32.988453       8.5578527    
          32   38.363068       32.929344       8.5566702    
          33   38.315197       32.762646       8.5580320    
          34   38.370327       32.796757       8.5587139    
          35   38.397926       32.892937       8.5579281    
          36   38.366119       32.873230       8.5575352    
          37   38.350212       32.817768       8.5579882    
          38   38.368549       32.829132       8.5582151    
          39   38.377739       32.861134       8.5579538    
          40   38.367161       32.854591       8.5578222    
          41   38.361832       32.836090       8.5579739    
          42   38.367970       32.839890       8.5580492    
          43   38.371021       32.850563       8.5579615    
          44   38.367470       32.848331       8.5579185    
          45   38.365730       32.842197       8.5579691    
          46   38.367779       32.843502       8.5579939    
          47   38.368782       32.847042       8.5579643    
          48   38.367584       32.846268       8.5579500    
          49   38.367004       32.844208       8.5579672    
          50   38.367699       32.844662       8.5579758    
          51   38.368050       32.845871       8.5579662    
          52   38.367661       32.845650       8.5579605    
          53   38.367432       32.844913       8.5579662    
          54   38.367661       32.845032       8.5579700    
          55   38.367817       32.845490       8.5579662    
          56   38.367661       32.845417       8.5579643    
          57   38.367584       32.845146       8.5579662    
          58   38.367661       32.845184       8.5579672    
          59   38.367699       32.845318       8.5579662    
          60   38.367661       32.845299       8.5579662    
          61   38.367661       32.845261       8.5579662    
          62   38.367661       32.845261       8.5579662    
          63   38.367661       32.845261       8.5579662    
          64   38.367661       32.845261       8.5579662    
          65   38.367661       32.845261       8.5579662    
          66   38.367661       32.845261       8.5579662    
          67   38.367661       32.845261       8.5579662    
          68   38.367661       32.845261       8.5579662    
          69   38.367661       32.845261       8.5579662    
          70   38.367661       32.845261       8.5579662    
          71   38.367661       32.845261       8.5579662    
          72   38.367661       32.845261       8.5579662    
          73   38.367661       32.845261       8.5579662    
          74   38.367661       32.845261       8.5579662    
          75   38.367661       32.845261       8.5579662    
          76   38.367661       32.845261       8.5579662    
          77   38.367661       32.845261       8.5579662    
          78   38.367661       32.845261       8.5579662    
          79   38.367661       32.845261       8.5579662    
          80   38.367661       32.845261       8.5579662    
          81   38.367661       32.845261       8.5579662    
          82   38.367661       32.845261       8.5579662    
          83   38.367661       32.845261       8.5579662    
          84   38.367661       32.845261       8.5579662    
          85   38.367661       32.845261       8.5579662    
          86   38.367661       32.845261       8.5579662    
          87   38.367661       32.845261       8.5579662    
          88   38.367661       32.845261       8.5579662    
          89   38.367661       32.845261       8.5579662    
          90   38.367661       32.845261       8.5579662    
          91   38.367661       32.845261       8.5579662    
          92   38.367661       32.845261       8.5579662    
          93   38.367661       32.845261       8.5579662    
          94   38.367661       32.845261       8.5579662    
          95   38.367661       32.845261       8.5579662    
          96   38.367661       32.845261       8.5579662    
          97   38.367661       32.845261       8.5579662    
          98   38.367661       32.845261       8.5579662    
